5.155039999999999623e-03 2.686699999999999852e-02
1.230580000000000042e-02 1.332719999999999949e+01
3.375790000000000041e-02 1.675949999999999918e+01
5.950049999999999784e-02 1.933380000000000010e+01
1.124160000000000020e-01 2.319519999999999982e+01
1.667609999999999926e-01 2.461100000000000065e+01
1.867830000000000046e-01 2.559779999999999944e+01
2.082350000000000034e-01 2.705659999999999954e+01
2.497089999999999865e-01 2.735689999999999955e+01
2.797430000000000194e-01 2.748560000000000159e+01
3.898639999999999883e-01 2.782880000000000109e+01
5.157159999999999522e-01 2.812920000000000087e+01
6.415689999999999449e-01 2.830079999999999885e+01
7.659909999999999775e-01 2.838660000000000139e+01
8.646709999999999674e-01 2.855819999999999936e+01
9.404689999999999994e-01 2.868690000000000140e+01
9.662110000000000420e-01 2.881559999999999988e+01
9.919540000000000024e-01 2.924470000000000169e+01
