7.299999999999999903e-05 8.753800000000000470e-02
1.450000000000000009e-04 4.448489999999999611e+00
1.969999999999999909e-04 2.430989999999999895e+01
2.290000000000000098e-04 4.386849999999999739e+01
2.660000000000000146e-04 6.375150000000000006e+01
3.249999999999999851e-04 8.363129999999999598e+01
3.469999999999999777e-04 8.453189999999999316e+01
4.159999999999999744e-04 9.822310000000000230e+01
4.970000000000000459e-04 1.180900000000000034e+02
5.370000000000000424e-04 1.289170000000000016e+02
6.539999999999999590e-04 1.487500000000000000e+02
6.790000000000000245e-04 1.490720000000000027e+02
8.360000000000000460e-04 1.689379999999999882e+02
1.026999999999999918e-03 1.887059999999999889e+02
1.030000000000000100e-03 1.888449999999999989e+02
1.320999999999999909e-03 2.077160000000000082e+02
1.722000000000000006e-03 2.273739999999999952e+02
2.141999999999999807e-03 2.416750000000000114e+02
2.625000000000000163e-03 2.548629999999999995e+02
3.451000000000000074e-03 2.718779999999999859e+02
4.199999999999999740e-03 2.845849999999999795e+02
5.525000000000000397e-03 3.021589999999999918e+02
6.819000000000000408e-03 3.162099999999999795e+02
8.746999999999999567e-03 3.331909999999999741e+02
1.103600000000000067e-02 3.496070000000000277e+02
1.398300000000000064e-02 3.667300000000000182e+02
1.763100000000000084e-02 3.841510000000000105e+02
2.236099999999999893e-02 4.027679999999999723e+02
2.819199999999999831e-02 4.221410000000000196e+02
3.491500000000000159e-02 4.416469999999999914e+02
4.234099999999999669e-02 4.610400000000000205e+02
4.546300000000000341e-02 4.686619999999999777e+02
5.370699999999999780e-02 4.878840000000000146e+02
5.552699999999999997e-02 4.919569999999999936e+02
6.592299999999999549e-02 5.141040000000000418e+02
7.270100000000000173e-02 5.282640000000000100e+02
8.286999999999999922e-02 5.512670000000000528e+02
8.962599999999999734e-02 5.681409999999999627e+02
1.008610000000000062e-01 5.918859999999999673e+02
1.159850000000000048e-01 6.101019999999999754e+02
1.410379999999999967e-01 6.296960000000000264e+02
1.573680000000000079e-01 6.407069999999999936e+02
1.835019999999999984e-01 6.605309999999999491e+02
1.945590000000000097e-01 6.860380000000000109e+02
2.089209999999999956e-01 7.120549999999999500e+02
2.499850000000000128e-01 7.202129999999999654e+02
3.067489999999999939e-01 7.273479999999999563e+02
3.774009999999999865e-01 7.339149999999999636e+02
4.804030000000000244e-01 7.409610000000000127e+02
5.449239999999999640e-01 7.444700000000000273e+02
6.104370000000000074e-01 7.475410000000000537e+02
6.521069999999999922e-01 7.493569999999999709e+02
6.932439999999999714e-01 7.510499999999999545e+02
7.338489999999999736e-01 7.527010000000000218e+02
7.745459999999999567e-01 7.543730000000000473e+02
8.009389999999999565e-01 7.554940000000000282e+02
8.267560000000000464e-01 7.566430000000000291e+02
8.524380000000000290e-01 7.578869999999999436e+02
8.781219999999999581e-01 7.592780000000000200e+02
9.260279999999999623e-01 7.627670000000000528e+02
9.543709999999999694e-01 7.662300000000000182e+02
9.787280000000000424e-01 7.722980000000000018e+02
