0.00589089 84.596
0.0160209 102.096
0.0261509 118.429
0.0464109 134.763
0.0869309 151.096
0.125763 163.929
0.179789 179.096
0.260829 198.929
0.323298 210.596
0.372259 222.263
0.458364 242.096
0.507326 256.096
0.557976 274.763
0.590054 284.096
0.628886 296.929
0.671094 317.929
0.714991 342.429
0.738628 366.929
0.755511 404.263
0.762264 462.596
0.767329 505.763
0.769018 548.929
0.774083 585.096
0.780836 606.096
0.787589 625.929
0.809538 632.929
0.841616 638.763
0.888889 645.763
0.944604 655.096
0.973306 660.929
0.993566 670.263
1.00876 678.429
